1657711084457716
1657711084497716
1657711084537716
1657711084577716
1657711084617716
1657711084657716
1657711084697716
1657711084737717
1657711084777717
1657711084817717
1657711084857717
1657711084897717
1657711084937717
1657711084977717
1657711085017717
1657711085057717
1657711085097717
1657711085137717
1657711085177717
1657711085217717
1657711085257717
1657711085297717
1657711085337717
1657711085377717
1657711085417717
1657711085457717
1657711085497717
1657711085537717
1657711085577717
1657711085617717
1657711085657717
1657711085697717
1657711085737717
1657711085777717
1657711085817717
1657711085857717
1657711085897717
1657711085937717
1657711085977718
1657711086017718
1657711086057718
1657711086097718
1657711086137718
1657711086177718
1657711086217718
1657711086257718
1657711086297718
1657711086337718
1657711086377718
1657711086417718
1657711086457718
1657711086497718
1657711086537718
1657711086577718
1657711086617718
1657711086657718
1657711086697718
1657711086737718
1657711086777718
1657711086817718
1657711086857718
1657711086897718
1657711086937718
1657711086977718
1657711087017718
1657711087057718
1657711087097718
1657711087137718
1657711087177718
1657711087217719
1657711087257719
1657711087297719
1657711087337719
1657711087377719
1657711087417719
1657711087457719
1657711087497719
1657711087537719
1657711087577719
1657711087617719
1657711087657719
1657711087697719
1657711087737719
1657711087777719
1657711087817719
1657711087857719
1657711087897719
1657711087937719
1657711087977719
1657711088017719
1657711088057719
1657711088097719
1657711088137719
1657711088177719
1657711088217719
1657711088257719
1657711088297719
1657711088337719
1657711088377719
1657711088417719
1657711088457720
1657711088497720
1657711088537720
1657711088577720
1657711088617720
1657711088657720
1657711088697720
1657711088737720
1657711088777720
1657711088817720
1657711088857720
1657711088897720
1657711088937720
1657711088977720
1657711089017720
1657711089057720
1657711089097720
1657711089137720
1657711089177720
1657711089217720
1657711089257720
1657711089297720
1657711089337720
1657711089377720
1657711089417720
1657711089457720
1657711089497720
1657711089537720
1657711089577720
1657711089617720
1657711089657720
1657711089697721
1657711089737721
1657711089777721
1657711089817721
1657711089857721
1657711089897721
1657711089937721
1657711089977721
1657711090017721
1657711090057721
1657711090097721
1657711090137721
1657711090177721
1657711090217721
1657711090257721
1657711090297721
1657711090337721
1657711090377721
1657711090417721
1657711090457721
1657711090497721
1657711090537721
1657711090577721
1657711090617721
1657711090657721
1657711090697721
1657711090737721
1657711090777721
1657711090817721
1657711090857721
1657711090897721
1657711090937721
1657711090977722
1657711091017722
1657711091057722
1657711091097722
1657711091137722
1657711091177722
1657711091217722
1657711091257722
1657711091297722
1657711091337722
1657711091377722
1657711091417722
1657711091457722
1657711091497722
1657711091537722
1657711091577722
1657711091617722
1657711091657722
1657711091697722
1657711091737722
1657711091777722
1657711091817722
1657711091857722
1657711091897722
1657711091937722
1657711091977722
1657711092017722
1657711092057722
1657711092097722
1657711092137722
1657711092177722
1657711092217723
1657711092257723
1657711092297723
1657711092337723
1657711092377723
1657711092417723
1657711092457723
1657711092497723
1657711092537723
1657711092577723
1657711092617723
1657711092657723
1657711092697723
1657711092737723
1657711092777723
1657711092817723
1657711092857723
1657711092897723
1657711092937723
1657711092977723
1657711093017723
1657711093057723
1657711093097723
1657711093137723
1657711093177723
1657711093217723
1657711093257723
1657711093297723
1657711093337723
1657711093377723
1657711093417723
1657711093457724
1657711093497724
1657711093537724
1657711093577724
1657711093617724
1657711093657724
1657711093697724
1657711093737724
1657711093777724
1657711093817724
1657711093857724
1657711093897724
1657711093937724
1657711093977724
1657711094017724
1657711094057724
1657711094097724
1657711094137724
1657711094177724
1657711094217724
1657711094257724
1657711094297724
1657711094337724
1657711094377724
1657711094417724
1657711094457724
1657711094497724
1657711094537724
1657711094577724
1657711094617724
1657711094657724
1657711094697725
1657711094737725
1657711094777725
1657711094817725
1657711094857725
1657711094897725
1657711094937725
1657711094977725
1657711095017725
1657711095057725
1657711095097725
1657711095137725
1657711095177725
1657711095217725
1657711095257725
1657711095297725
1657711095337725
1657711095377725
1657711095417725
1657711095457725
1657711095497725
1657711095537725
1657711095577725
1657711095617725
1657711095657725
1657711095697725
1657711095737725
1657711095777725
1657711095817725
1657711095857725
1657711095897725
1657711095937726
1657711095977726
1657711096017726
1657711096057726
1657711096097726
1657711096137726
1657711096177726
1657711096217726
1657711096257726
1657711096297726
1657711096337726
1657711096377726
1657711096417726
1657711096457726
1657711096497726
1657711096537726
1657711096577726
1657711096617726
1657711096657726
1657711096697726
1657711096737726
1657711096777726
1657711096817726
1657711096857726
1657711096897726
1657711096937726
1657711096977726
1657711097017726
1657711097057726
1657711097097726
1657711097137726
1657711097177726
1657711097217727
1657711097257727
1657711097297727
1657711097337727
1657711097377727
1657711097417727
1657711097457727
1657711097497727
1657711097537727
1657711097577727
1657711097617727
1657711097657727
1657711097697727
1657711097737727
1657711097777727
1657711097817727
1657711097857727
1657711097897727
1657711097937727
1657711097977727
1657711098017727
1657711098057727
1657711098097727
1657711098137727
1657711098177727
1657711098217727
1657711098257727
1657711098297727
1657711098337727
1657711098377727
1657711098417727
1657711098457728
1657711098497728
1657711098537728
1657711098577728
1657711098617728
1657711098657728
1657711098697728
1657711098737728
1657711098777728
1657711098817728
1657711098857728
1657711098897728
1657711098937728
1657711098977728
1657711099017728
1657711099057728
1657711099097728
1657711099137728
1657711099177728
1657711099217728
1657711099257728
1657711099297728
1657711099337728
1657711099377728
1657711099417728
1657711099457728
1657711099497728
1657711099537728
1657711099577728
1657711099617728
1657711099657728
1657711099697729
1657711099737729
1657711099777729
1657711099817729
1657711099857729
1657711099897729
1657711099937729
1657711099977729
1657711100017729
1657711100057729
1657711100097729
1657711100137729
1657711100177729
1657711100217729
1657711100257729
1657711100297729
1657711100337729
1657711100377729
1657711100417729
1657711100457729
1657711100497729
1657711100537729
1657711100577729
1657711100617729
1657711100657729
1657711100697729
1657711100737729
1657711100777729
1657711100817729
1657711100857729
1657711100897729
1657711100937730
1657711100977730
1657711101017730
1657711101057730
1657711101097730
1657711101137730
1657711101177730
1657711101217730
1657711101257730
1657711101297730
1657711101337730
1657711101377730
1657711101417730
1657711101457730
1657711101497730
1657711101537730
1657711101577730
1657711101617730
1657711101657730
1657711101697730
1657711101737730
1657711101777730
1657711101817730
1657711101857730
1657711101897730
1657711101937730
1657711101977730
1657711102017730
1657711102057730
1657711102097730
1657711102137730
1657711102177731
1657711102217731
1657711102257731
1657711102297731
1657711102337731
1657711102377731
1657711102417731
1657711102457731
1657711102497731
1657711102537731
1657711102577731
1657711102617731
1657711102657731
1657711102697731
1657711102737731
1657711102777731
1657711102817731
1657711102857731
1657711102897731
1657711102937731
1657711102977731
1657711103017731
1657711103057731
1657711103097731
1657711103137731
1657711103177731
1657711103217731
1657711103257731
1657711103297731
1657711103337731
1657711103377731
1657711103417731
1657711103457732
1657711103497732
1657711103537732
1657711103577732
1657711103617732
1657711103657732
1657711103697732
1657711103737732
1657711103777732
1657711103817732
1657711103857732
1657711103897732
1657711103937732
1657711103977732
1657711104017732
1657711104057732
1657711104097732
1657711104137732
1657711104177732
1657711104217732
1657711104257732
1657711104297732
1657711104337732
1657711104377732
1657711104417732
1657711104457732
1657711104497732
1657711104537732
1657711104577732
1657711104617732
1657711104657732
1657711104697733
1657711104737733
1657711104777733
1657711104817733
1657711104857733
1657711104897733
1657711104937733
1657711104977733
1657711105017733
1657711105057733
1657711105097733
1657711105137733
1657711105177733
1657711105217733
1657711105257733
1657711105297733
1657711105337733
1657711105377733
1657711105417733
1657711105457733
1657711105497733
1657711105537733
1657711105577733
1657711105617733
1657711105657733
1657711105697733
1657711105737733
1657711105777733
1657711105817733
1657711105857733
1657711105897733
1657711105937734
1657711105977734
1657711106017734
1657711106057734
1657711106097734
1657711106137734
1657711106177734
1657711106217734
1657711106257734
1657711106297734
1657711106337734
1657711106377734
1657711106417734
1657711106457734
1657711106497734
1657711106537734
1657711106577734
1657711106617734
1657711106657734
1657711106697734
1657711106737734
1657711106777734
1657711106817734
1657711106857734
1657711106897734
1657711106937734
1657711106977734
1657711107017734
1657711107057734
1657711107097734
1657711107137734
1657711107177735
1657711107217735
1657711107257735
1657711107297735
1657711107337735
1657711107377735
1657711107417735
1657711107457735
1657711107497735
1657711107537735
1657711107577735
1657711107617735
1657711107657735
1657711107697735
1657711107737735
1657711107777735
1657711107817735
1657711107857735
1657711107897735
1657711107937735
1657711107977735
1657711108017735
1657711108057735
1657711108097735
1657711108137735
1657711108177735
1657711108217735
1657711108257735
1657711108297735
1657711108337735
1657711108377735
1657711108417736
1657711108457736
1657711108497736
1657711108537736
1657711108577736
1657711108617736
1657711108657736
1657711108697736
1657711108737736
1657711108777736
1657711108817736
1657711108857736
1657711108897736
1657711108937736
1657711108977736
1657711109017736
1657711109057736
1657711109097736
1657711109137736
1657711109177736
1657711109217736
1657711109257736
1657711109297736
1657711109337736
1657711109377736
1657711109417736
1657711109457736
1657711109497736
1657711109537736
1657711109577736
1657711109617736
1657711109657736
1657711109697737
1657711109737737
1657711109777737
1657711109817737
1657711109857737
1657711109897737
1657711109937737
1657711109977737
1657711110017737
1657711110057737
1657711110097737
1657711110137737
1657711110177737
1657711110217737
1657711110257737
1657711110297737
1657711110337737
1657711110377737
1657711110417737
1657711110457737
1657711110497737
1657711110537737
1657711110577737
1657711110617737
1657711110657737
1657711110697737
1657711110737737
1657711110777737
1657711110817737
1657711110857737
1657711110897737
1657711110937738
1657711110977738
1657711111017738
1657711111057738
1657711111097738
1657711111137738
1657711111177738
1657711111217738
1657711111257738
1657711111297738
1657711111337738
1657711111377738
1657711111417738
1657711111457738
1657711111497738
1657711111537738
1657711111577738
1657711111617738
1657711111657738
1657711111697738
1657711111737738
1657711111777738
1657711111817738
1657711111857738
1657711111897738
1657711111937738
1657711111977738
1657711112017738
1657711112057738
1657711112097738
1657711112137738
1657711112177739
1657711112217739
1657711112257739
1657711112297739
1657711112337739
1657711112377739
1657711112417739
1657711112457739
1657711112497739
1657711112537739
1657711112577739
1657711112617739
1657711112657739
1657711112697739
1657711112737739
1657711112777739
1657711112817739
1657711112857739
1657711112897739
1657711112937739
1657711112977739
1657711113017739
1657711113057739
1657711113097739
1657711113137739
1657711113177739
1657711113217739
1657711113257739
1657711113297739
1657711113337739
1657711113377739
1657711113417740
1657711113457740
1657711113497740
1657711113537740
1657711113577740
1657711113617740
1657711113657740
1657711113697740
1657711113737740
1657711113777740
1657711113817740
1657711113857740
1657711113897740
1657711113937740
1657711113977740
1657711114017740
1657711114057740
1657711114097740
1657711114137740
1657711114177740
1657711114217740
1657711114257740
1657711114297740
1657711114337740
1657711114377740
1657711114417740
1657711114457740
1657711114497740
1657711114537740
1657711114577740
1657711114617740
1657711114657741
1657711114697741
1657711114737741
1657711114777741
1657711114817741
1657711114857741
1657711114897741
1657711114937741
1657711114977741
1657711115017741
1657711115057741
1657711115097741
1657711115137741
1657711115177741
1657711115217741
1657711115257741
1657711115297741
1657711115337741
1657711115377741
1657711115417741
1657711115457741
1657711115497741
1657711115537741
1657711115577741
1657711115617741
1657711115657741
1657711115697741
1657711115737741
1657711115777741
1657711115817741
1657711115857741
1657711115897741
1657711115937742
1657711115977742
1657711116017742
1657711116057742
1657711116097742
1657711116137742
1657711116177742
1657711116217742
1657711116257742
1657711116297742
1657711116337742
1657711116377742
1657711116417742
1657711116457742
1657711116497742
1657711116537742
1657711116577742
1657711116617742
1657711116657742
1657711116697742
1657711116737742
1657711116777742
1657711116817742
1657711116857742
1657711116897742
1657711116937742
1657711116977742
1657711117017742
1657711117057742
1657711117097742
1657711117137742
1657711117177743
1657711117217743
1657711117257743
1657711117297743
1657711117337743
1657711117377743
1657711117417743
1657711117457743
1657711117497743
1657711117537743
1657711117577743
1657711117617743
1657711117657743
1657711117697743
1657711117737743
1657711117777743
1657711117817743
1657711117857743
1657711117897743
1657711117937743
1657711117977743
1657711118017743
1657711118057743
1657711118097743
1657711118137743
1657711118177743
1657711118217743
1657711118257743
1657711118297743
1657711118337743
1657711118377743
1657711118417744
1657711118457744
1657711118497744
1657711118537744
1657711118577744
1657711118617744
1657711118657744
1657711118697744
1657711118737744
1657711118777744
1657711118817744
1657711118857744
1657711118897744
1657711118937744
1657711118977744
1657711119017744
1657711119057744
1657711119097744
1657711119137744
1657711119177744
1657711119217744
1657711119257744
1657711119297744
1657711119337744
1657711119377744
1657711119417744
1657711119457744
1657711119497744
1657711119537744
1657711119577744
1657711119617744
1657711119657745
1657711119697745
1657711119737745
1657711119777745
1657711119817745
1657711119857745
1657711119897745
1657711119937745
1657711119977745
1657711120017745
1657711120057745
1657711120097745
1657711120137745
1657711120177745
1657711120217745
1657711120257745
1657711120297745
1657711120337745
1657711120377745
1657711120417745
1657711120457745
1657711120497745
1657711120537745
1657711120577745
1657711120617745
1657711120657745
1657711120697745
1657711120737745
1657711120777745
1657711120817745
1657711120857745
1657711120897746
1657711120937746
1657711120977746
1657711121017746
1657711121057746
1657711121097746
1657711121137746
1657711121177746
1657711121217746
1657711121257746
1657711121297746
1657711121337746
1657711121377746
1657711121417746
1657711121457746
1657711121497746
1657711121537746
1657711121577746
1657711121617746
1657711121657746
1657711121697746
1657711121737746
1657711121777746
1657711121817746
1657711121857746
1657711121897746
1657711121937746
1657711121977746
1657711122017746
1657711122057746
1657711122097746
1657711122137746
1657711122177747
1657711122217747
1657711122257747
1657711122297747
1657711122337747
1657711122377747
1657711122417747
1657711122457747
1657711122497747
1657711122537747
1657711122577747
1657711122617747
1657711122657747
1657711122697747
1657711122737747
1657711122777747
1657711122817747
1657711122857747
1657711122897747
1657711122937747
1657711122977747
1657711123017747
1657711123057747
1657711123097747
1657711123137747
1657711123177747
1657711123217747
1657711123257747
1657711123297747
1657711123337747
1657711123377747
1657711123417748
1657711123457748
1657711123497748
1657711123537748
1657711123577748
1657711123617748
1657711123657748
1657711123697748
1657711123737748
1657711123777748
1657711123817748
1657711123857748
1657711123897748
1657711123937748
1657711123977748
1657711124017748
1657711124057748
1657711124097748
1657711124137748
1657711124177748
1657711124217748
1657711124257748
1657711124297748
1657711124337748
1657711124377748
1657711124417748
1657711124457748
1657711124497748
1657711124537748
1657711124577748
1657711124617748
1657711124657749
1657711124697749
1657711124737749
1657711124777749
1657711124817749
1657711124857749
1657711124897749
1657711124937749
1657711124977749
1657711125017749
1657711125057749
1657711125097749
1657711125137749
1657711125177749
1657711125217749
1657711125257749
1657711125297749
1657711125337749
1657711125377749
1657711125417749
1657711125457749
1657711125497749
1657711125537749
1657711125577749
1657711125617749
1657711125657749
1657711125697749
1657711125737749
1657711125777749
1657711125817749
1657711125857749
1657711125897750
1657711125937750
1657711125977750
1657711126017750
1657711126057750
1657711126097750
1657711126137750
1657711126177750
1657711126217750
1657711126257750
1657711126297750
1657711126337750
1657711126377750
1657711126417750
1657711126457750
1657711126497750
1657711126537750
1657711126577750
1657711126617750
1657711126657750
1657711126697750
1657711126737750
1657711126777750
1657711126817750
1657711126857750
1657711126897750
1657711126937750
1657711126977750
1657711127017750
1657711127057750
1657711127097750
1657711127137751
1657711127177751
1657711127217751
1657711127257751
1657711127297751
1657711127337751
1657711127377751
1657711127417751
1657711127457751
1657711127497751
1657711127537751
1657711127577751
1657711127617751
1657711127657751
1657711127697751
1657711127737751
1657711127777751
1657711127817751
1657711127857751
1657711127897751
1657711127937751
1657711127977751
1657711128017751
1657711128057751
1657711128097751
1657711128137751
1657711128177751
1657711128217751
1657711128257751
1657711128297751
1657711128337751
1657711128377752
1657711128417752
1657711128457752
1657711128497752
1657711128537752
1657711128577752
1657711128617752
1657711128657752
1657711128697752
1657711128737752
1657711128777752
1657711128817752
1657711128857752
1657711128897752
1657711128937752
1657711128977752
1657711129017752
1657711129057752
1657711129097752
1657711129137752
1657711129177752
1657711129217752
1657711129257752
1657711129297752
1657711129337752
1657711129377752
1657711129417752
1657711129457752
1657711129497752
1657711129537752
1657711129577752
1657711129617752
1657711129657753
1657711129697753
1657711129737753
1657711129777753
1657711129817753
1657711129857753
1657711129897753
1657711129937753
1657711129977753
1657711130017753
1657711130057753
1657711130097753
1657711130137753
1657711130177753
1657711130217753
1657711130257753
1657711130297753
1657711130337753
1657711130377753
1657711130417753
1657711130457753
1657711130497753
1657711130537753
1657711130577753
1657711130617753
1657711130657753
1657711130697753
1657711130737753
1657711130777753
1657711130817753
1657711130857753
1657711130897754
1657711130937754
1657711130977754
1657711131017754
1657711131057754
1657711131097754
1657711131137754
1657711131177754
1657711131217754
1657711131257754
1657711131297754
1657711131337754
1657711131377754
1657711131417754
1657711131457754
1657711131497754
1657711131537754
1657711131577754
1657711131617754
1657711131657754
1657711131697754
1657711131737754
1657711131777754
1657711131817754
1657711131857754
1657711131897754
1657711131937754
1657711131977754
1657711132017754
1657711132057754
1657711132097754
1657711132137755
1657711132177755
1657711132217755
1657711132257755
1657711132297755
1657711132337755
1657711132377755
1657711132417755
1657711132457755
1657711132497755
1657711132537755
1657711132577755
1657711132617755
1657711132657755
1657711132697755
1657711132737755
1657711132777755
1657711132817755
1657711132857755
1657711132897755
1657711132937755
1657711132977755
1657711133017755
1657711133057755
1657711133097755
1657711133137755
1657711133177755
1657711133217755
1657711133257755
1657711133297755
1657711133337755
1657711133377756
1657711133417756
1657711133457756
1657711133497756
1657711133537756
1657711133577756
1657711133617756
1657711133657756
1657711133697756
1657711133737756
1657711133777756
1657711133817756
1657711133857756
1657711133897756
1657711133937756
1657711133977756
1657711134017756
1657711134057756
1657711134097756
1657711134137756
1657711134177756
1657711134217756
1657711134257756
1657711134297756
1657711134337756
1657711134377756
1657711134417756
1657711134457756
1657711134497756
1657711134537756
1657711134577756
1657711134617756
1657711134657757
1657711134697757
1657711134737757
1657711134777757
1657711134817757
1657711134857757
1657711134897757
1657711134937757
1657711134977757
1657711135017757
1657711135057757
1657711135097757
1657711135137757
1657711135177757
1657711135217757
1657711135257757
1657711135297757
1657711135337757
1657711135377757
1657711135417757
1657711135457757
1657711135497757
1657711135537757
1657711135577757
1657711135617757
1657711135657757
1657711135697757
1657711135737757
1657711135777757
1657711135817757
1657711135857757
1657711135897758
1657711135937758
1657711135977758
1657711136017758
1657711136057758
1657711136097758
1657711136137758
1657711136177758
1657711136217758
1657711136257758
1657711136297758
1657711136337758
1657711136377758
1657711136417758
1657711136457758
1657711136497758
1657711136537758
1657711136577758
1657711136617758
1657711136657758
1657711136697758
1657711136737758
1657711136777758
1657711136817758
1657711136857758
1657711136897758
1657711136937758
1657711136977758
1657711137017758
1657711137057758
1657711137097758
1657711137137759
1657711137177759
1657711137217759
1657711137257759
1657711137297759
1657711137337759
1657711137377759
1657711137417759
1657711137457759
1657711137497759
1657711137537759
1657711137577759
1657711137617759
1657711137657759
1657711137697759
1657711137737759
1657711137777759
1657711137817759
1657711137857759
1657711137897759
1657711137937759
1657711137977759
1657711138017759
1657711138057759
1657711138097759
1657711138137759
1657711138177759
1657711138217759
1657711138257759
1657711138297759
1657711138337759
1657711138377760
1657711138417760
1657711138457760
1657711138497760
1657711138537760
1657711138577760
1657711138617760
1657711138657760
1657711138697760
1657711138737760
1657711138777760
1657711138817760
1657711138857760
1657711138897760
1657711138937760
1657711138977760
1657711139017760
1657711139057760
1657711139097760
1657711139137760
1657711139177760
1657711139217760
1657711139257760
1657711139297760
1657711139337760
1657711139377760
1657711139417760
1657711139457760
1657711139497760
1657711139537760
1657711139577760
1657711139617761
1657711139657761
1657711139697761
1657711139737761
1657711139777761
1657711139817761
1657711139857761
1657711139897761
1657711139937761
1657711139977761
1657711140017761
1657711140057761
1657711140097761
1657711140137761
1657711140177761
1657711140217761
1657711140257761
1657711140297761
1657711140337761
1657711140377761
1657711140417761
1657711140457761
1657711140497761
1657711140537761
1657711140577761
1657711140617761
1657711140657761
1657711140697761
1657711140737761
1657711140777761
1657711140817761
1657711140857761
1657711140897762
1657711140937762
1657711140977762
1657711141017762
1657711141057762
1657711141097762
1657711141137762
1657711141177762
1657711141217762
1657711141257762
1657711141297762
1657711141337762
1657711141377762
1657711141417762
1657711141457762
1657711141497762
1657711141537762
1657711141577762
1657711141617762
1657711141657762
1657711141697762
1657711141737762
1657711141777762
1657711141817762
1657711141857762
1657711141897762
1657711141937762
1657711141977762
1657711142017762
1657711142057762
1657711142097762
1657711142137763
1657711142177763
1657711142217763
1657711142257763
1657711142297763
1657711142337763
1657711142377763
1657711142417763
1657711142457763
1657711142497763
1657711142537763
1657711142577763
1657711142617763
1657711142657763
1657711142697763
1657711142737763
1657711142777763
1657711142817763
1657711142857763
1657711142897763
1657711142937763
1657711142977763
1657711143017763
1657711143057763
1657711143097763
1657711143137763
1657711143177763
1657711143217763
1657711143257763
1657711143297763
1657711143337763
1657711143377764
1657711143417764
1657711143457764
1657711143497764
1657711143537764
1657711143577764
1657711143617764
1657711143657764
1657711143697764
1657711143737764
1657711143777764
1657711143817764
1657711143857764
1657711143897764
1657711143937764
1657711143977764
1657711144017764
1657711144057764
1657711144097764
1657711144137764
1657711144177764
1657711144217764
1657711144257764
1657711144297764
1657711144337764
1657711144377764
1657711144417764
1657711144457764
1657711144497764
1657711144537764
1657711144577764
1657711144617765
1657711144657765
1657711144697765
1657711144737765
1657711144777765
1657711144817765
1657711144857765
1657711144897765
1657711144937765
1657711144977765
1657711145017765
1657711145057765
1657711145097765
1657711145137765
1657711145177765
1657711145217765
1657711145257765
1657711145297765
1657711145337765
1657711145377765
1657711145417765
1657711145457765
1657711145497765
1657711145537765
1657711145577765
1657711145617765
1657711145657765
1657711145697765
1657711145737765
1657711145777765
1657711145817765
1657711145857766
1657711145897766
1657711145937766
1657711145977766
1657711146017766
1657711146057766
1657711146097766
1657711146137766
1657711146177766
1657711146217766
1657711146257766
1657711146297766
1657711146337766
1657711146377766
1657711146417766
1657711146457766
1657711146497766
1657711146537766
1657711146577766
1657711146617766
1657711146657766
1657711146697766
1657711146737766
1657711146777766
1657711146817766
1657711146857766
1657711146897766
1657711146937766
1657711146977766
1657711147017766
1657711147057766
1657711147097766
1657711147137767
1657711147177767
1657711147217767
1657711147257767
1657711147297767
1657711147337767
1657711147377767
1657711147417767
1657711147457767
1657711147497767
1657711147537767
1657711147577767
1657711147617767
1657711147657767
1657711147697767
1657711147737767
1657711147777767
1657711147817767
1657711147857767
1657711147897767
1657711147937767
1657711147977767
1657711148017767
1657711148057767
1657711148097767
1657711148137767
1657711148177767
1657711148217767
1657711148257767
1657711148297767
1657711148337767
1657711148377768
1657711148417768
1657711148457768
1657711148497768
1657711148537768
1657711148577768
1657711148617768
1657711148657768
1657711148697768
1657711148737768
1657711148777768
1657711148817768
1657711148857768
1657711148897768
1657711148937768
1657711148977768
1657711149017768
1657711149057768
1657711149097768
1657711149137768
1657711149177768
1657711149217768
1657711149257768
1657711149297768
1657711149337768
1657711149377768
1657711149417768
1657711149457768
1657711149497768
1657711149537768
1657711149577768
1657711149617769
1657711149657769
1657711149697769
1657711149737769
1657711149777769
1657711149817769
1657711149857769
1657711149897769
1657711149937769
1657711149977769
1657711150017769
1657711150057769
1657711150097769
1657711150137769
1657711150177769
1657711150217769
1657711150257769
1657711150297769
1657711150337769
1657711150377769
1657711150417769
1657711150457769
1657711150497769
1657711150537769
1657711150577769
1657711150617769
1657711150657769
1657711150697769
1657711150737769
1657711150777769
1657711150817769
1657711150857770
1657711150897770
1657711150937770
1657711150977770
1657711151017770
1657711151057770
1657711151097770
1657711151137770
1657711151177770
1657711151217770
1657711151257770
1657711151297770
1657711151337770
1657711151377770
1657711151417770
1657711151457770
1657711151497770
1657711151537770
1657711151577770
1657711151617770
1657711151657770
1657711151697770
1657711151737770
1657711151777770
1657711151817770
1657711151857770
1657711151897770
1657711151937770
1657711151977770
1657711152017770
1657711152057770
1657711152097771
1657711152137771
1657711152177771
1657711152217771
1657711152257771
1657711152297771
1657711152337771
1657711152377771
1657711152417771
1657711152457771
1657711152497771
1657711152537771
1657711152577771
1657711152617771
1657711152657771
1657711152697771
1657711152737771
1657711152777771
1657711152817771
1657711152857771
1657711152897771
1657711152937771
1657711152977771
1657711153017771
1657711153057771
1657711153097771
1657711153137771
1657711153177771
1657711153217771
1657711153257771
1657711153297771
1657711153337771
1657711153377772
1657711153417772
1657711153457772
1657711153497772
1657711153537772
1657711153577772
1657711153617772
1657711153657772
1657711153697772
1657711153737772
1657711153777772
1657711153817772
1657711153857772
1657711153897772
1657711153937772
1657711153977772
1657711154017772
1657711154057772
1657711154097772
1657711154137772
1657711154177772
1657711154217772
1657711154257772
1657711154297772
1657711154337772
1657711154377772
1657711154417772
1657711154457772
1657711154497772
1657711154537772
1657711154577772
1657711154617773
1657711154657773
1657711154697773
1657711154737773
1657711154777773
1657711154817773
1657711154857773
1657711154897773
1657711154937773
1657711154977773
1657711155017773
1657711155057773
1657711155097773
1657711155137773
1657711155177773
1657711155217773
1657711155257773
1657711155297773
1657711155337773
1657711155377773
1657711155417773
1657711155457773
1657711155497773
1657711155537773
1657711155577773
1657711155617773
1657711155657773
1657711155697773
1657711155737773
1657711155777773
1657711155817773
1657711155857774
1657711155897774
1657711155937774
1657711155977774
1657711156017774
1657711156057774
1657711156097774
1657711156137774
1657711156177774
1657711156217774
1657711156257774
1657711156297774
1657711156337774
1657711156377774
1657711156417774
1657711156457774
1657711156497774
1657711156537774
1657711156577774
1657711156617774
1657711156657774
1657711156697774
1657711156737774
1657711156777774
1657711156817774
1657711156857774
1657711156897774
1657711156937774
1657711156977774
1657711157017774
1657711157057774
1657711157097775
1657711157137775
1657711157177775
1657711157217775
1657711157257775
1657711157297775
1657711157337775
1657711157377775
1657711157417775
1657711157457775
1657711157497775
1657711157537775
1657711157577775
1657711157617775
1657711157657775
1657711157697775
1657711157737775
1657711157777775
1657711157817775
1657711157857775
1657711157897775
1657711157937775
1657711157977775
1657711158017775
1657711158057775
1657711158097775
1657711158137775
1657711158177775
1657711158217775
1657711158257775
1657711158297775
1657711158337776
1657711158377776
1657711158417776
1657711158457776
1657711158497776
1657711158537776
1657711158577776
1657711158617776
1657711158657776
1657711158697776
1657711158737776
1657711158777776
1657711158817776
1657711158857776
1657711158897776
1657711158937776
1657711158977776
1657711159017776
1657711159057776
1657711159097776
1657711159137776
1657711159177776
1657711159217776
1657711159257776
1657711159297776
1657711159337776
1657711159377776
1657711159417776
1657711159457776
1657711159497776
1657711159537776
1657711159577776
1657711159617777
1657711159657777
1657711159697777
1657711159737777
1657711159777777
1657711159817777
1657711159857777
1657711159897777
1657711159937777
1657711159977777
1657711160017777
1657711160057777
1657711160097777
1657711160137777
1657711160177777
1657711160217777
1657711160257777
1657711160297777
1657711160337777
1657711160377777
1657711160417777
1657711160457777
1657711160497777
1657711160537777
1657711160577777
1657711160617777
1657711160657777
1657711160697777
1657711160737777
1657711160777777
1657711160817777
1657711160857778
1657711160897778
1657711160937778
1657711160977778
1657711161017778
1657711161057778
1657711161097778
1657711161137778
1657711161177778
1657711161217778
1657711161257778
1657711161297778
1657711161337778
1657711161377778
1657711161417778
1657711161457778
1657711161497778
1657711161537778
1657711161577778
1657711161617778
1657711161657778
1657711161697778
1657711161737778
1657711161777778
1657711161817778
1657711161857778
1657711161897778
1657711161937778
1657711161977778
1657711162017778
1657711162057778
1657711162097779
1657711162137779
1657711162177779
1657711162217779
1657711162257779
1657711162297779
1657711162337779
1657711162377779
1657711162417779
1657711162457779
1657711162497779
1657711162537779
1657711162577779
1657711162617779
1657711162657779
1657711162697779
1657711162737779
1657711162777779
1657711162817779
1657711162857779
1657711162897779
1657711162937779
1657711162977779
1657711163017779
1657711163057779
1657711163097779
1657711163137779
1657711163177779
1657711163217779
1657711163257779
1657711163297779
1657711163337780
1657711163377780
1657711163417780
1657711163457780
1657711163497780
1657711163537780
1657711163577780
1657711163617780
1657711163657780
1657711163697780
1657711163737780
1657711163777780
1657711163817780
1657711163857780
1657711163897780
1657711163937780
1657711163977780
1657711164017780
1657711164057780
1657711164097780
1657711164137780
1657711164177780
1657711164217780
1657711164257780
1657711164297780
1657711164337780
1657711164377780
1657711164417780
1657711164457780
1657711164497780
1657711164537780
1657711164577781
1657711164617781
1657711164657781
1657711164697781
1657711164737781
1657711164777781
1657711164817781
1657711164857781
1657711164897781
1657711164937781
1657711164977781
1657711165017781
1657711165057781
1657711165097781
1657711165137781
1657711165177781
1657711165217781
1657711165257781
1657711165297781
1657711165337781
1657711165377781
1657711165417781
1657711165457781
1657711165497781
1657711165537781
1657711165577781
1657711165617781
1657711165657781
1657711165697781
1657711165737781
1657711165777781
1657711165817781
1657711165857782
1657711165897782
1657711165937782
1657711165977782
1657711166017782
1657711166057782
1657711166097782
1657711166137782
1657711166177782
1657711166217782
1657711166257782
1657711166297782
1657711166337782
1657711166377782
1657711166417782
1657711166457782
1657711166497782
1657711166537782
1657711166577782
1657711166617782
1657711166657782
1657711166697782
1657711166737782
1657711166777782
1657711166817782
1657711166857782
1657711166897782
1657711166937782
1657711166977782
1657711167017782
1657711167057782
1657711167097783
1657711167137783
1657711167177783
1657711167217783
1657711167257783
1657711167297783
1657711167337783
1657711167377783
1657711167417783
1657711167457783
1657711167497783
1657711167537783
1657711167577783
1657711167617783
1657711167657783
1657711167697783
1657711167737783
1657711167777783
1657711167817783
1657711167857783
1657711167897783
1657711167937783
1657711167977783
1657711168017783
1657711168057783
1657711168097783
1657711168137783
1657711168177783
1657711168217783
1657711168257783
1657711168297783
1657711168337784
1657711168377784
1657711168417784
1657711168457784
1657711168497784
1657711168537784
1657711168577784
1657711168617784
1657711168657784
1657711168697784
1657711168737784
1657711168777784
1657711168817784
1657711168857784
1657711168897784
1657711168937784
1657711168977784
1657711169017784
1657711169057784
1657711169097784
1657711169137784
1657711169177784
1657711169217784
1657711169257784
1657711169297784
1657711169337784
1657711169377784
1657711169417784
1657711169457784
1657711169497784
1657711169537784
1657711169577785
1657711169617785
1657711169657785
1657711169697785
1657711169737785
1657711169777785
1657711169817785
1657711169857785
1657711169897785
1657711169937785
1657711169977785
1657711170017785
1657711170057785
1657711170097785
1657711170137785
1657711170177785
1657711170217785
1657711170257785
1657711170297785
1657711170337785
1657711170377785
1657711170417785
1657711170457785
1657711170497785
1657711170537785
1657711170577785
1657711170617785
1657711170657785
1657711170697785
1657711170737785
1657711170777785
1657711170817786
1657711170857786
1657711170897786
1657711170937786
1657711170977786
1657711171017786
1657711171057786
1657711171097786
1657711171137786
1657711171177786
1657711171217786
1657711171257786
1657711171297786
1657711171337786
1657711171377786
1657711171417786
1657711171457786
1657711171497786
1657711171537786
1657711171577786
1657711171617786
1657711171657786
1657711171697786
1657711171737786
1657711171777786
1657711171817786
1657711171857786
1657711171897786
1657711171937786
1657711171977786
1657711172017786
1657711172057786
1657711172097787
1657711172137787
1657711172177787
1657711172217787
1657711172257787
1657711172297787
1657711172337787
1657711172377787
1657711172417787
1657711172457787
1657711172497787
1657711172537787
1657711172577787
1657711172617787
1657711172657787
1657711172697787
1657711172737787
1657711172777787
1657711172817787
1657711172857787
1657711172897787
1657711172937787
1657711172977787
1657711173017787
1657711173057787
1657711173097787
1657711173137787
1657711173177787
1657711173217787
1657711173257787
1657711173297787
1657711173337788
1657711173377788
1657711173417788
1657711173457788
1657711173497788
1657711173537788
1657711173577788
1657711173617788
1657711173657788
1657711173697788
1657711173737788
1657711173777788
1657711173817788
1657711173857788
1657711173897788
1657711173937788
1657711173977788
1657711174017788
1657711174057788
1657711174097788
1657711174137788
1657711174177788
1657711174217788
1657711174257788
1657711174297788
1657711174337788
1657711174377788
1657711174417788
1657711174457788
1657711174497788
1657711174537788
1657711174577789
1657711174617789
1657711174657789
1657711174697789
1657711174737789
1657711174777789
1657711174817789
1657711174857789
1657711174897789
1657711174937789
1657711174977789
1657711175017789
1657711175057789
1657711175097789
1657711175137789
1657711175177789
1657711175217789
1657711175257789
1657711175297789
1657711175337789
1657711175377789
1657711175417789
1657711175457789
1657711175497789
1657711175537789
1657711175577789
1657711175617789
1657711175657789
1657711175697789
1657711175737789
1657711175777789
1657711175817790
1657711175857790
1657711175897790
1657711175937790
1657711175977790
1657711176017790
1657711176057790
1657711176097790
1657711176137790
1657711176177790
1657711176217790
1657711176257790
1657711176297790
1657711176337790
1657711176377790
1657711176417790
1657711176457790
1657711176497790
1657711176537790
1657711176577790
1657711176617790
1657711176657790
1657711176697790
1657711176737790
1657711176777790
1657711176817790
1657711176857790
1657711176897790
1657711176937790
1657711176977790
1657711177017790
1657711177057791
1657711177097791
1657711177137791
1657711177177791
1657711177217791
1657711177257791
1657711177297791
1657711177337791
1657711177377791
1657711177417791
1657711177457791
1657711177497791
1657711177537791
1657711177577791
1657711177617791
1657711177657791
1657711177697791
1657711177737791
1657711177777791
1657711177817791
1657711177857791
1657711177897791
1657711177937791
1657711177977791
1657711178017791
1657711178057791
1657711178097791
1657711178137791
1657711178177791
1657711178217791
1657711178257791
1657711178297791
1657711178337792
1657711178377792
1657711178417792
1657711178457792
1657711178497792
1657711178537792
1657711178577792
1657711178617792
1657711178657792
1657711178697792
1657711178737792
1657711178777792
1657711178817792
1657711178857792
1657711178897792
1657711178937792
1657711178977792
1657711179017792
1657711179057792
1657711179097792
1657711179137792
1657711179177792
1657711179217792
1657711179257792
1657711179297792
1657711179337792
1657711179377792
1657711179417792
1657711179457792
1657711179497792
1657711179537792
1657711179577793
1657711179617793
1657711179657793
1657711179697793
1657711179737793
1657711179777793
1657711179817793
1657711179857793
1657711179897793
1657711179937793
1657711179977793
1657711180017793
1657711180057793
1657711180097793
1657711180137793
1657711180177793
1657711180217793
1657711180257793
1657711180297793
1657711180337793
1657711180377793
1657711180417793
1657711180457793
1657711180497793
1657711180537793
1657711180577793
1657711180617793
1657711180657793
1657711180697793
1657711180737793
1657711180777793
1657711180817794
1657711180857794
1657711180897794
1657711180937794
1657711180977794
1657711181017794
1657711181057794
1657711181097794
1657711181137794
1657711181177794
1657711181217794
1657711181257794
1657711181297794
1657711181337794
1657711181377794
1657711181417794
1657711181457794
1657711181497794
1657711181537794
1657711181577794
1657711181617794
1657711181657794
1657711181697794
1657711181737794
1657711181777794
1657711181817794
1657711181857794
1657711181897794
1657711181937794
1657711181977794
1657711182017794
1657711182057795
1657711182097795
1657711182137795
1657711182177795
1657711182217795
1657711182257795
1657711182297795
1657711182337795
1657711182377795
1657711182417795
1657711182457795
1657711182497795
1657711182537795
1657711182577795
1657711182617795
1657711182657795
1657711182697795
1657711182737795
1657711182777795
1657711182817795
1657711182857795
1657711182897795
1657711182937795
1657711182977795
1657711183017795
1657711183057795
1657711183097795
1657711183137795
1657711183177795
1657711183217795
1657711183257795
1657711183297796
1657711183337796
1657711183377796
1657711183417796
1657711183457796
1657711183497796
1657711183537796
1657711183577796
1657711183617796
1657711183657796
1657711183697796
1657711183737796
1657711183777796
1657711183817796
1657711183857796
1657711183897796
1657711183937796
1657711183977796
1657711184017796
1657711184057796
1657711184097796
1657711184137796
1657711184177796
1657711184217796
1657711184257796
1657711184297796
1657711184337796
1657711184377796
1657711184417796
1657711184457796
1657711184497796
1657711184537796
1657711184577797
1657711184617797
1657711184657797
1657711184697797
1657711184737797
1657711184777797
1657711184817797
1657711184857797
1657711184897797
1657711184937797
1657711184977797
1657711185017797
1657711185057797
1657711185097797
1657711185137797
1657711185177797
1657711185217797
1657711185257797
1657711185297797
1657711185337797
1657711185377797
1657711185417797
1657711185457797
1657711185497797
1657711185537797
1657711185577797
1657711185617797
1657711185657797
1657711185697797
1657711185737797
1657711185777797
1657711185817798
1657711185857798
1657711185897798
1657711185937798
1657711185977798
1657711186017798
1657711186057798
1657711186097798
1657711186137798
1657711186177798
1657711186217798
1657711186257798
1657711186297798
1657711186337798
1657711186377798
1657711186417798
1657711186457798
1657711186497798
1657711186537798
1657711186577798
1657711186617798
1657711186657798
1657711186697798
1657711186737798
1657711186777798
1657711186817798
1657711186857798
1657711186897798
1657711186937798
1657711186977798
1657711187017798
1657711187057799
1657711187097799
1657711187137799
1657711187177799
1657711187217799
1657711187257799
1657711187297799
1657711187337799
1657711187377799
1657711187417799
1657711187457799
1657711187497799
1657711187537799
1657711187577799
1657711187617799
1657711187657799
1657711187697799
1657711187737799
1657711187777799
1657711187817799
1657711187857799
1657711187897799
1657711187937799
1657711187977799
1657711188017799
1657711188057799
1657711188097799
1657711188137799
1657711188177799
1657711188217799
1657711188257799
1657711188297800
1657711188337800
1657711188377800
1657711188417800
1657711188457800
1657711188497800
1657711188537800
1657711188577800
1657711188617800
1657711188657800
1657711188697800
1657711188737800
1657711188777800
1657711188817800
1657711188857800
1657711188897800
1657711188937800
1657711188977800
1657711189017800
1657711189057800
1657711189097800
1657711189137800
1657711189177800
1657711189217800
1657711189257800
1657711189297800
1657711189337800
1657711189377800
1657711189417800
1657711189457800
1657711189497800
1657711189537801
1657711189577801
1657711189617801
1657711189657801
1657711189697801
1657711189737801
1657711189777801
1657711189817801
1657711189857801
1657711189897801
1657711189937801
1657711189977801
1657711190017801
1657711190057801
1657711190097801
1657711190137801
1657711190177801
1657711190217801
1657711190257801
1657711190297801
1657711190337801
1657711190377801
1657711190417801
1657711190457801
1657711190497801
1657711190537801
1657711190577801
1657711190617801
1657711190657801
1657711190697801
1657711190737801
1657711190777801
1657711190817802
1657711190857802
1657711190897802
1657711190937802
1657711190977802
1657711191017802
1657711191057802
1657711191097802
1657711191137802
1657711191177802
1657711191217802
1657711191257802
1657711191297802
1657711191337802
1657711191377802
1657711191417802
1657711191457802
1657711191497802
1657711191537802
1657711191577802
1657711191617802
1657711191657802
1657711191697802
1657711191737802
1657711191777802
1657711191817802
1657711191857802
1657711191897802
1657711191937802
1657711191977802
1657711192017802
1657711192057803
1657711192097803
1657711192137803
1657711192177803
